44539,41671,49507,-35399,-44251,-30355,-44587,5516,1141,9500,
4794,-30483,52444,25597,47318,-7203,15654,2057,28902,20007,
47096,26440,50504,802,-26016,62471,-53313,-1170,-52998,20341,
-30758,-21247,-2622,44066,38143,-37757,-45567,-12779,-32913,-12397,
34394,57825,-18775,45503,41965,-42329,38925,-33132,-21634,-43437,
22761,48086,16499,-6545,-13520,32422,39934,54115,-64379,38839,
51153,13642,-33146,-17667,-13096,55527,10551,49764,-27612,23712,
-60337,-55061,-10956,20278,21966,-8896,-50133,-18466,-55774,-6423,
-61406,-41765,-40308,-55513,60901,48255,-15311,-16809,50185,59295,
41648,38815,24904,-38725,-55116,-27437,-14660,22157,-18706,59252,
25540,-36490,8084,32993,-63652,-60094,64418,-43953,-1657,-55700,
16487,-55238,-64116,-45182,19371,-35475,-29044,-43171,-20242,-16952,
-23483,20964,11746,-20734,-17644,-21918,-29044,-40528,52047,-14727,
-20802,55778,-39913,50658,-6448,8479,-35756,57463,-30167,407,
-60559,57849,14986,-64952,14074,-12923,-39007,-44702,-60015,-20164,
62210,-2708,2599,-62654,-18728,-6331,-60446,-6273,-38384,12446,
-17118,-50908,62445,-3027,51866,-262,61046,-29534,-33417,53074,
-43189,-16616,36520,39873,33413,-42378,8267,35708,37732,17753,
56706,-36474,9896,-18900,-14035,8014,-36134,29603,-40490,-63596,
-22769,-46306,4149,-37861,-60999,26676,-6120,-9928,48563,5617,
-11901,64749,-14536,-29225,-33549,-45839,53521,-12669,-64975,-2085,
42477,-2697,12954,-51089,41446,-33869,-38259,-35947,59868,-30616,
-39489,1346,45526,-766,-36063,47576,-16351,-2800,14890,-43964,
18243,-50986,36458,-17160,39185,-39445,-21924,6411,37113,-57774,
-6481,-27990,62822,33464,-13983,-40582,-28648,-15155,51045,12528,
24804,-30586,29458,-19226,-41227,-30840,-27794,-34720,-58754,-52925,
60915,43435,47646,35929,28305,23823,6940,-55007,40095,42737,
-3980,-27002,-19707,19391,-36053,-36412,53741,-61576,19745,62330,
-45138,62490,-16017,-6081,-50698,-30624,-28029,-3198,-1624,-23523,
20168,-29198,27342,-42261,-27423,8480,33642,-28088,25012,-49040,
35844,-29657,-36338,-7103,3778,-48891,60133,-33060,-60734,44177,
2271,12761,-40439,15560,34987,49197,47764,-8959,-33391,-4947,
-54842,-49069,28624,-46811,51920,-35355,-48419,-49929,52998,-51657,
-46983,-52159,-2272,-46432,47923,-10733,-13812,-34070,18916,-39484,
8173,47042,16155,38995,-36316,-58448,-20288,-11960,17303,44272,
-1193,46546,-33668,-21824,52822,-21216,39298,22141,-41880,47329,
-22347,-26403,29186,29129,-34081,-52419,17643,-49133,30808,22659,
-49012,63591,-50564,59187,61192,-36142,51339,43352,-53943,-63009,
-38237,44786,-33588,42756,46657,-13632,-38341,-46910,14783,32770,
-54841,989,-18560,4673,16240,-14331,43284,-26429,9948,-20113,
-7951,13410,-64154,43643,-38204,-6576,-6566,34871,-61137,-8210,
-51050,-57358,-2727,45615,10891,22055,-28366,-18032,-14314,-20198,
-23397,-31999,34398,48565,-23720,27432,-30788,48654,-4003,45228,
-37922,35894,-64396,-45222,-31845,-49370,12706,-30601,18418,-22961,
7526,-9092,42939,8740,-49425,-50124,-28746,-25603,46785,-32120,
-2466,45236,-54960,-34997,-58548,64555,15153,33183,-29975,10525,
-53925,26403,-1340,25328,-981,17300,31516,56285,19008,54254,
6340,-26530,-36406,51763,-59855,-47433,2026,7749,-63531,-44188,
47316,2535,55145,26531,12975,-46436,3078,-11313,63498,-3648,
56471,-64712,52290,1647,9782,-9460,-53933,11459,-9377,34705,
-58782,34511,-48832,64703,-44246,15556,21121,23497,37400,45542,
15105,43569,50170,25340,-34032,6887,22434,-51798,25080,-22353,
-41717,50223,33901,-15313,20729,40075,32120,59228,-52150,-3748,
40891,-23375,23853,-43795,-56175,-46855,44470,-34679,8031,-63573,
1019,-46854,-48039,-42839,-47100,18956,27599,-20193,-12754,50944,
-34466,-8448,-13333,-60738,-48901,15484,25542,-14865,16286,10729,
-59960,6336,-55630,-49067,8102,-24878,43325,-38380,36857,-15995,
35196,-46763,-32483,50871,22701,-49183,-18277,-31601,3861,42875,
-723,8123,12601,-27216,-37634,-2390,-34534,-14245,28394,-32706,
45272,-17195,46789,6010,-11853,13011,17239,6874,59316,-25134,
35636,7660,-9753,64160,-39111,-38154,33195,26775,-17647,-6726,
-15048,3167,-19968,-12962,17313,19003,13685,47757,-9809,53510,
18919,-46161,26051,-2854,-8046,55012,18928,-26246,58949,-33120,
-10652,35746,58025,59580,49722,-9015,11345,54899,-14266,-33129,
-29309,-46967,44129,14875,-13850,-31911,18791,28476,-15665,44166,
54116,57711,51839,-57506,-51860,-22231,-49335,20717,-42268,-63854,
-9360,3612,-50286,-4775,-58669,39834,23913,-4552,-12109,-14021,
37368,8879,24758,32797,-12064,26605,-30196,-48951,-26321,-6588,
20400,-46695,3946,17617,35734,-42847,30105,-20717,-27173,-56788,
55493,23334,-8137,34000,-2309,-13545,-225,25517,-64095,63253,
-5642,-17638,53746,-39626,-5312,5479,17840,-27062,16692,-63939,
55102,44513,6365,-53687,-28872,49908,-10146,59370,19220,-6896,
-50614,40595,9195,38234,191,26006,14283,37445,-26273,16437,
-25290,-61150,4534,25131,19394,-32445,-26166,17580,52287,-26294,
-26278,56111,-4494,-58757,63926,28187,24480,-1916,28483,63578,
15849,54531,-59551,2698,-52905,9476,24601,-54933,40001,-17744,
-26853,-64535,23947,-40200,-7695,15801,-5755,49958,-30188,11464,
51956,12499,30472,-7413,-64893,-51364,-15072,5020,-58515,-50244,
-36255,-45286,9477,57840,24536,62005,35329,-44376,18382,48547,
49227,-48861,33793,-40427,-31964,53573,-30076,15397,-943,49781,
58859,61946,3374,20611,-51414,19797,7478,-57744,-9292,-49303,
32219,-14553,20042,19368,54842,535,-2337,-10637,-34089,57586,
-55256,45345,35882,30390,47586,-42269,39934,62674,41113,36462,
2918,-5025,588,11665,-1207,-46771,-21317,-40127,19321,6662,
11885,14005,-34791,52660,52157,-51398,-5529,62537,-8368,9870,
40480,-10676,-12459,9388,-52922,59024,11087,44695,7951,-31787,
46805,50280,-57958,-44308,-35386,15880,30406,64140,-37013,-58595,
-55981,14825,-63395,-21841,-27685,46036,9375,10202,-45746,20284,
8514,14483,-3477,4330,-8687,-41747,-59750,19149,-63959,-44375,
-39324,25782,-29304,-54030,30638,26827,-46735,26819,55982,19150,
-20048,62043,14734,-44880,-36767,24092,37582,10823,-18354,-53431,
59627,64725,39969,8707,-38053,-9961,23644,25962,60063,-16168,
-35989,-60351,-35965,10332,17057,-48520,11885,12077,11295,-39887,
-62258,2183,5486,-40537,-55385,-19811,-314,54088,53792,-11592,
33561,621,-34444,16069,-44847,24042,53403,-14118,47873,16345,
-44605,10722,-30477,-588,19057,35763,-25602,-52317,5949,57653,
56042,-9673,-20255,-1408,8478,33423,9660,64550,-48680,-28917,
-41095,21568,49726,-48051,-7662,49317,20140,41362,-34716,-15849,
33844,-43615,-18792,48706,-41803,38392,36926,-27218,-52580,26668,
52962,53101,-18254,61353,46877,-29239,-44383,-54099,-23679,-46832,
-50482,-33365,61556,41354,9130,54115,-12720,9333,-28983,-20975,
-54351,38407,35443,-60039,35313,38612,37812,64135,9525,-34870,
-38638,-58994,-894,42265,48097,-5355,44018,4086,-1069,-56649,
-3768,-107,43356,-63592,-9328,47185,-433,-39841,12072,62419,
31412,29798,32524,43789,-58513,-14344,-49964,32022,47586,16586,
42085,6620,16187,-52929,-39251,-16477,48398,45135,11298,-64976,
-44480,-32018,10483,25526,62392,49772,-17293,8097,52757,-22465,
5903,-20779,-26465,36805,33633,-23690,48209,9904,9329,-19917,
33451,-28489,12189,-18646,-48495,33789,-23887,60986,28117,-48445,
34329,40518,44857,-59850,33062,45863,5986,-3049,-45345,20217,
-52478,64419,13554,13666,-15504,47164,36126,-48152,33595,24539,
-36211,8837,4498,63053,47238,-46750,35879,13794,-42841,-15477,
-14943,-25578,-48564,-39624,-52843,2242,64103,-43562,-15250,-37952,
-36807,-38672,8839,-25239,-40122,-4579,20054,-33612,44397,-12648,
-50167,53295,-19103,-39202,-13072,-44518,19864,-33989,27589,-13503,
-22758,-7562,46958,36611,-33992,41844,34689,37576,47821,-19596,
-45594,55007,277,8943,-47412,-25161,4123,-48966,9911,57666,
9452,32002,23242,-35699,-58223,-4247,13820,-22363,-29732,-27768,
30107,-32993,-5811,38829,-8402,-10350,-64033,-24958,-10920,20922,
58953,-4789,-12061,58547,59085,21641,32020,-34463,38387,-22947,
26413,16597,19102,-41683,-25447,-18773,28669,-945,-19222,-53714,
51694,51300,47055,47036,-37673,-1599,-49083,-28187,-49841,31728,
-29762,-20269,-30142,54116,-48394,-16405,-38414,-50628,61509,-24971,
7879,-28909,-44535,-11304,-45511,-46505,13570,5938,4614,48031,
-35844,52955,-44565,-28697,-9336,-303,44279,63172,53085,-14363,
12279,-53860,27374,43665,50320,26624,18093,-51958,53754,29359,
61025,21821,59804,49488,60673,58173,-6923,19471,2130,61856,
52756,47971,-4947,58887,-57895,-49485,-15713,58404,-35289,21917,
-24023,28483,50695,-18301,-46468,-51275,-50372,-60953,6379,-48373,
51532,49681,-18274,28562,37700,32933,45419,18233,59382,56640,
-64161,2204,-28025,-63537,-22057,2014,-62196,46420,-44175,15408,
-53068,-49157,-31899,-42103,38612,48405,-55426,10110,-35169,18076,
-34475,-3029,49749,61175,64974,33988,25563,41516,-64614,-20240,
28043,-42096,-35404,24544,48760,-25604,-36538,908,-4334,6292,
-51616,-28500,-40088,-15795,-17116,15428,533,42521,48740,15325,
12396,55997,-31319,-7666,37314,35545,-7965,1556,64648,32838,
58670,-23420,58450,-58391,-41348,3714,-59451,19851,21480,-11828,
18150,-51582,54176,53154,28028,2339,16179,43692,8862,30602,
54010,27308,51296,39073,23093,52062,-42219,38081,-62887,11298,
44195,-36596,-4673,-19156,-24469,31297,-45481,28051,43981,15358,
-30590,14276,-54323,-59153,41584,17760,-40747,-20605,-20691,11760,
-43911,56643,50982,19653,62497,23423,-33748,39680,-12226,-59999,
-41974,-22572,1896,-54260,29680,10607,53456,-35251,-34085,-23499,
-51068,51318,-30807,-64116,-52518,-55341,16390,-2775,38911,-22019,
47310,27368,3656,-39012,61489,-12350,43541,-29819,-759,25854,
38919,-54869,-17535,-20650,7805,41477,-54248,62966,-46571,-55625,
49635,-26135,-56028,-25778,54184,49574,-2908,16971,-52171,29517,
5123,-15517,19648,-5526,3773,-56422,-24064,48810,-10745,-14590,
30788,9894,42992,25798,-14725,-52128,-64497,-12937,4025,-9495,
44565,62136,-13009,18915,-33427,19037,6050,51255,-17777,-57082,
29156,-29160,-537,25407,6156,64998,-20406,-15335,-35096,-25493,
4524,-14736,-16595,-61799,-3777,-62408,-33370,8761,-41036,11304,
55743,5859,-41583,25967,39934,35638,-52138,-45544,64660,-51559,
6960,28352,63493,-37212,-52264,-45346,51863,-55986,-884,62344,
44285,24699,-49871,19634,6391,24544,-57568,39166,-57395,6674,
38690,7150,12536,-28238,59503,-64672,40111,-17515,57335,-9042,
54691,-14430,-23804,41821,12929,-31784,-19782,-7189,-31044,-6932,
12770,-13973,-17329,33885,-61148,52073,-54834,-46333,-11095,62360,
-39781,62943,28979,-6523,-51684,-7701,39617,-36993,-15349,29414,
46516,-17257,-63952,-31154,14654,22025,45406,53570,55022,-16776,
-60086,24788,40240,-32050,49818,4834,-18265,47696,-15794,-15600,
-5812,-20069,-22354,24750,63869,-20749,-3889,12006,-37236,-5282,
32980,137,13632,-63930,56596,-24155,57772,48030,47753,30877,
-8228,32506,21483,-41002,-52854,30970,-64600,44339,-28698,-50296,
49387,20744,-2909,-62519,-59151,813,-26681,-53360,29843,48126,
-15670,-18398,-12615,-12547,-35389,51079,-36845,-47641,23984,33985,
-32152,2745,8795,-61025,58747,63340,-28143,13869,-54490,47065,
-3096,44980,23634,10324,-55149,-3803,-11875,18559,62865,-37697,
1050,54197,-57151,-6984,-30567,-24464,-665,-51676,-57580,30461,
36381,-14101,-8187,-49061,-40761,2642,-14365,26375,-40934,-30283,
16984,54120,-57731,-15060,38232,-36380,-59229,-51177,2348,24031,
-2598,6037,-53849,7567,-16256,55598,-21396,-35371,-58925,-63015,
-61547,-51233,-24374,-49613,-49358,46245,-22269,42865,-25956,-6652,
-19676,-41587,23512,28471,-30521,-25558,-60461,1947,30458,-33737,
-21957,-56264,-12023,56865,-14569,-43288,13781,-44944,58261,-24192,
-436,22077,3215,-62675,2857,52761,-1542,12162,-51492,24715,
-49036,-31604,29367,56209,1758,-23436,17416,-16050,49173,-30451,
-34441,-11422,-2484,-39745,60007,32049,-17578,-49807,-25280,49693,
-16864,-269,-64552,7134,-1593,7667,-19112,32795,12571,-12962,
8683,45889,-62791,57491,-62586,-55265,41862,-1888,-31836,9289,
58074,5725,54373,-13344,14112,-43738,-5289,-61144,37518,-25144,
-28935,-42268,-41223,-32488,17934,61978,-6657,-35588,-30385,-46371,
26266,-61952,5828,13385,-3045,-63298,-433,-24322,8277,-31877,
-59727,43404,-55480,-42497,9679,20350,5637,-47171,-10078,38852,
-5103,18770,57381,24595,63908,-35935,-36455,-52634,6828,20774,
49497,-6746,-22652,-7343,24384,53188,23353,-18994,-2715,-21719,
7392,47288,14398,35670,-34234,-57707,4008,-8611,37672,-50768,
55826,49840,29833,-40229,4351,257,49059,21850,-40479,-12110,
21616,29880,63350,-3687,39116,18762,51580,22931,37924,-8095,
-10949,31984,-44034,-33578,-55742,-837,-31454,-52948,61424,-17268,
-47099,-51028,-60442,-10045,56449,-62966,50995,-14782,-20014,53879,
22599,-48662,-60086,23122,56178,44014,-25806,-12090,6942,-26088,
-37879,-49040,48025,25617,-54832,-9768,40184,-13287,-2311,-40771,
33446,-3069,-5010,29756,-23676,28774,-44154,60222,24436,26264,
8921,23189,46046,60450,-22806,48938,-42192,-5400,-48557,-12770,
37265,44042,64670,-55190,32186,38633,-10902,-53930,-23609,-11305,
-57917,-52299,-4635,-55913,-20118,-49374,-18903,-17531,-47738,22581,
13498,-63458,51898,40875,-47836,58193,1912,44,-4869,36137,
-24422,-34266,35167,63179,62995,-19079,46517,-29412,-33580,6515,
-56700,-11380,-16165,-9879,2300,48417,22113,6636,-7454,-3578,
34576,10420,-64840,45002,-34685,-37471,-3220,-11812,-15196,54026,
-55105,-42466,43039,14782,37513,54312,56061,-60363,-64772,-13439,
-29235,-60758,30785,39135,-55496,-27066,29954,64315,-21391,-62024,
2003,-2395,-53937,-56173,-21878,50478,-52345,58768,-4026,-32879,
-51110,22320,46288,-26912,36472,12867,-38006,34420,-8346,-39359,
-62493,20253,-10907,-39364,-59733,1913,43795,16433,-51519,53293,
50209,25775,17424,-17141,15863,-35589,33656,46765,62768,-19287,
54497,43138,15828,64020,27748,30595,-6565,-12960,6411,2987,
-2839,61389,-21254,62479,38127,31876,-42394,6728,44220,-3028,
51622,-49146,-43455,59545,44184,19769,56551,-60848,59232,33535,
-37101,-51200,35401,-28470,36768,55338,33408,-14734,-51509,30020,
-54558,-64437,38506,-63989,-1168,49028,38543,-44349,19717,34444,
17545,18130,2314,-3727,-16556,3794,-46229,42940,-139,6596,
30429,9211,-8710,47274,-47049,-34987,-8977,28274,54205,-57068,
-50007,4558,-12309,-46777,7028,-18731,-8719,-26484,-63995,-8329,
-9605,-36116,21903,-52902,53799,-6223,45463,6162,-43473,61917,
-50303,44342,-21643,-62786,-48292,-8939,-16182,28243,-41326,-25373,
11365,-4198,-10909,19021,26333,-7605,3471,42369,64637,33961,
48308,18173,-40329,55017,54553,29490,14140,-60007,-4577,-301,
8614,5481,46011,9707,-38671,32214,47783,3378,-34761,29413,
-31358,19351,-46376,37155,54841,-39577,46404,49442,28391,62524,
-46377,53100,61234,25421,63889,26495,-24891,18710,36651,-9088,
-16471,-4531,32902,-62155,56179,-61780,24402,-26921,43511,55046,
6328,7010,57160,51121,-41536,-50498,51690,60564,2177,-57362,
40032,-8311,-46658,12829,19080,-26826,133,-8305,46586,20572,
59631,43970,47493,38670,18782,25819,-61420,-8987,-58174,43681,
59816,-40413,14725,30961,49018,-58142,33373,20615,48945,37730,
-47551,-53689,-6198,-25435,-63325,12345,5073,-40417,26143,-61733,
-40757,-24852,-16333,-24139,37722,-3104,55964,-8537,25493,-52855,
57597,-36059,-45973,-13742,-24466,496,-26819,-61226,-59943,42221,
37163,46792,-60725,-57163,-37577,27913,-27282,-44408,17307,-14932,
-57188,38191,-30073,-27420,1560,54204,52829,55500,-37068,34560,
252,22621,-27818,45977,-21620,47670,-46420,-15515,50872,51148,
-38971,2015,23451,50957,59203,-3250,29192,-28909,-28256,12237,
30579,9297,-25668,-8602,-56779,-52951,53093,43432,-26316,4756,
33368,21797,15610,14606,-2395,26072,60932,8609,-28326,-56948,
-50219,6905,-45906,-63771,-40279,13786,32009,44985,62228,25668,
55992,20704,21182,54660,-7001,-9188,47401,-36742,37640,-48768,
-46236,-40048,61504,47448,13605,33340,-22520,24885,-29149,-50195,
52132,51411,-61656,10213,-4924,35968,-258,-4400,43356,-61344,
-17488,-43471,36634,-41119,-23952,-21472,-9934,-28945,-36793,22921,
23165,-17619,-59006,23547,32647,-24550,35567,15179,-25936,50432,
-39344,45077,-32993,15513,59944,-12004,-20616,61553,25660,26832,
52558,6460,-31510,-38245,-53192,63741,-9660,48793,-39869,-61541,
23200,19971,-26707,29140,-38930,5616,-23167,-8795,-20570,180,
-47806,-14876,-33254,-21051,5048,-46250,-33207,-8901,27384,48304,
30931,4702,33431,3104,5288,-47889,-53053,2393,-55017,37184,
55812,-53415,10244,18725,-53127,20486,-37567,30662,-29705,-35359,
59154,54117,-43393,-5829,34570,-38397,-5498,52361,-64842,63790,
22360,43863,45785,-52636,-26960,-42126,43609,14035,2288,47051,
-31668,32249,-41522,52743,-59783,-62193,-64243,-57722,-62830,64439,
14393,35350,-31015,56,8504,-37695,-19233,-6266,-52735,20225,
50888,-60278,49684,-58472,-64984,-59246,54023,62621,-57307,-53567,
-12367,-53616,34231,6075,-6006,60026,-47476,-12688,-61126,-11056,
58591,-41442,56678,-37619,-1749,25611,39756,-62278,10104,-63981,
-50219,-10719,-31497,12770,20930,29919,-48779,-35066,12606,-5569,
2101,-20605,20759,1469,-51754,8917,40749,-10924,3351,-1246,
-45866,48721,335,38031,4226,-24460,-3754,-35130,-63745,22428,
63604,14313,54629,-50515,-2664,-40663,-56680,34935,9590,-16130,
-789,-14733,15226,-20775,-39590,21693,18680,-33462,-50921,-38704,
-25898,-39395,-15183,-39721,3527,-61672,-61582,-16837,-22774,63977,
-62534,-12474,-64722,-18988,3909,58475,58526,-29173,-34576,-50727,
-38726,13543,30073,-31094,43792,24833,55171,-11955,-10734,-32161,
11299,30324,-6155,-1161,-359,31537,44038,-33090,32300,62378,
-24091,450,60187,-38645,-46306,-2048,-28496,-24046,-38533,28013,
21388,43634,-64550,-21114,-55305,-1039,63042,-7627,-60802,46913,
42349,47566,-64144,14768,46376,-23436,9622,-482,8244,-63593,
-54084,-6085,2298,-34862,3960,-25268,15163,-4045,30924,-62085,
-20887,36311,22992,43608,-30096,-49126,3504,46680,-35311,-44884,
-3037,2353,-33578,49241,17317,16596,37727,22069,-59949,16922,
-12234,-19194,-47160,16074,-45493,48493,50191,26656,-6370,-41914,
34405,62808,-26907,-41689,49046,-52158,-61778,-28653,-28098,25839,
40360,-10748,46559,4209,27728,23977,-35329,-49410,5648,11828,
34240,-18782,34566,61157,12364,51484,-13853,-45460,-45108,-30464,
-64111,-63646,4541,39157,41044,24211,-17546,8666,49106,59046,
-60578,35539,-60564,-11700,54007,-26168,-6384,50053,1942,-13650,
-35209,46493,-22044,58793,33603,62355,-19279,7593,-24751,-50825,
44635,42896,23377,41291,-50418,61592,-63258,-38103,56105,40671,
46471,607,-32588,-28492,-28382,-11123,1535,-53474,-1833,-13516,
59220,18336,30898,-7687,48435,-57349,11835,31007,8629,-4494,
34974,-49820,-49138,17923,48515,16905,14700,36193,-28667,33333,
35607,-43316,-30336,-58791,18692,-12377,-64714,29285,-60373,39477,
37857,18530,33556,55412,-53289,-53728,-5391,55285,1389,-32190,
-38038,1907,-45793,-62950,-28760,-14731,14560,-11507,-50887,16170,
-16758,-47045,-50633,-26415,-52162,-15074,43753,20754,16216,45645,
6697,-14417,56002,21782,-43547,19461,16562,57825,15156,16293,
-16693,63562,-30970,-18704,54034,-64009,48960,27651,21495,30276,
25827,-12392,52544,7580,-9347,64631,-27707,-17642,-62922,44499,
-3344,30925,-10734,-55080,-37624,24318,48217,-31062,-22173,7162,
-6919,-43477,-64461,-46267,51530,-11507,40490,-37713,-11561,39015,
3718,9365,-6067,38794,-1128,-30800,-59974,-33249,51648,-24032,
-42035,5393,36586,-19228,20214,11921,-60898,-39114,60075,15255,
-14616,-47614,-51036,-19472,41711,893,40439,30303,29357,-34674,
47457,41990,19206,-51201,-27802,-45340,22073,-14218,48678,39723,
-21897,43196,-17121,57422,6093,-40785,60876,-14513,2945,60644,
-28551,-34743,-5745,-18347,25773,-50056,24665,-23200,-53497,48107,
-41760,-30514,-19755,27108,-40917,42737,35279,22402,-40783,-64311,
-34106,7819,-44410,54946,50482,29022,34216,36848,-5259,-35267,
55724,-18820,-63902,15033,-18593,-51953,9888,16786,-4076,55911,
-26372,8014,-41073,9273,-45593,-20217,7992,8938,25101,-15559,
811,-18356,4856,-29088,52751,-16419,-59332,-22057,-6818,-44246,
-22564,-50851,-47977,35411,-49022,-19592,43432,37561,-56628,5527,
40847,-31112,-48605,54391,-60311,-54240,-53087,62217,37838,42703,
57726,-18357,48691,40860,-17209,-50996,14809,53914,-26807,48281,
39899,-60838,25049,8044,52654,1449,-59812,6980,40109,-62477,
-63097,59824,-20746,-34329,-38824,58197,54696,863,-50708,-29767,
30481,42420,-2340,-2951,35522,39764,-63115,53744,52357,26708,
-53018,-13590,61904,21105,-8425,9033,-27840,-60319,-56658,-17142,
-50047,63058,-50136,-8508,31555,21702,-38215,55700,-24506,48409,
-18269,-25196,60040,36583,14348,47416,-24194,56198,12425,57968,
-23404,55087,-26109,4475,-60577,31918,-44893,-43647,-35241,-45919,
-39829,60249,-3312,63563,45074,-52153,56966,22662,28936,47368,
33985,-5737,-12806,-51107,-38458,53849,-48506,-1962,-54177,-34863,
58136,-36581,-39481,44954,-48271,1317,-4290,45440,-34252,3216,
-50492,57912,-48162,59957,-31695,59841,64494,-10849,54795,24945,
-10037,-11328,-6329,-8888,-4084,-22744,-2286,25944,-25531,15529,
18106,43777,-46458,58833,6487,-36221,3232,19982,-35330,25641,
-13534,25088,-41826,23409,21519,64797,56683,-29334,36112,32141,
37221,-22202,-26678,-29663,-42201,55764,44924,39738,-54645,22153,
-36239,3167,14882,26042,-52690,23097,10951,44452,64622,-52750,
-54860,-47453,28625,4510,57183,-541,-1519,-37218,-41103,-8650,
51100,32127,43857,-9421,-38227,-15362,27634,-28425,-19185,61332,
-29263,48373,-20327,-64529,-5394,40976,-50747,16217,-1808,-46661,
27033,-4807,-55336,-57487,41352,17315,6005,33358,-56812,63224,
-59649,-57941,-52420,32183,-56873,-33145,-13473,-18234,830,24661,
21219,-30221,-12569,-58694,-18999,-24451,-51354,5469,-55291,56389,
3687,-32082,32392,-59195,34532,53342,-50839,-15815,29211,7375,
52999,60050,-25391,-9492,46753,57450,6937,13657,-55250,-50267,
30250,35000,31705,-16907,34452,20975,-5877,-55498,-57387,36578,
49741,7448,52844,8369,56120,43273,20817,-19338,29772,-26461,
15903,-10985,8775,-42895,52700,-48310,12498,3956,-58959,57509,
-36682,-23090,12055,-21110,-57375,-42719,-31251,-30188,17903,-30104,
18686,43098,9829,-24653,-41686,21903,-34535,-24212,-47850,-13095,
-7168,60085,18331,-57564,-13455,-34181,11121,-16534,43676,19380,
-37354,4326,12077,-60648,56292,-16331,-38280,34973,-40627,48395,
46139,-14092,44828,-60716,-50075,-25700,-19647,38868,62501,8376,
52990,29432,-57755,14251,57669,-23551,7255,26306,-13344,20984,
-61384,6719,-1907,-2664,-28469,-50017,31965,-30055,-49770,55053,
-13084,58378,41328,-59392,-43728,11648,27264,-30501,-27633,-30692,
-19157,40669,-21408,-1628,10383,63643,16801,-36410,31114,-56445,
-11166,62771,51416,40232,-40070,1402,-19801,39998,53015,-57902,
-21651,27569,2888,-49819,-27759,-39702,-312,56919,-58310,32458,
-21269,35298,47059,-54286,-7589,2347,-22346,28638,7436,-13556,
28595,-29148,-9372,-31872,8846,30421,-3947,53646,-14720,4154,
6743,-38301,-35897,-24519,49407,40041,-29704,53708,64950,39852,
31770,26353,-2394,34067,59464,-36656,64184,-33640,-38851,44122,
62572,6254,48129,-36205,7651,49949,-43349,-31440,-6597,-9067,
64484,44629,-26752,28103,7622,-33943,-60585,9716,-25845,-11191,
-63207,-46756,-56319,-4306,18878,14173,-6044,-64819,46979,-14979,
-62835,46879,-13011,-25723,-32564,48364,-42845,26314,55110,-45639,
6543,12436,15151,44084,57962,-31136,20105,58375,-29653,-17430,
5115,-19230,-290,-50836,6914,-23088,-55321,12614,48959,-26201,
-18,-39074,37778,-13766,-62915,-16599,20104,23702,-38966,-15282,
4815,57303,18065,-20046,-17668,-50188,-51974,-11864,5622,26959,
42254,-14899,-1256,-13377,25708,61932,-48995,38959,-45849,9623,
56692,-16060,-41090,14345,21719,-55819,-24742,-59247,51042,38208,
-18043,-27246,-47273,35064,-58725,-6262,17571,-50007,-39205,50507,
-26650,-41924,24337,59965,-22444,-62081,47766,-540,-57781,-14342,
-14855,54050,45264,-45121,8073,-11180,-4302,-54747,11202,48011,
-8168,-22114,-36589,39848,-7479,13900,16605,12872,-56622,-56895,
-14947,-20208,-10427,-37907,50445,-27363,-27204,20713,-42208,-24655,
26361,410,38739,49568,-61354,27910,-3369,8058,-4534,9555,
-24427,-9407,-58587,-56625,-6729,-1455,36692,41405,-59931,58679,
56969,-48159,-39048,-58447,5283,-38891,-24464,-40211,52862,59443,
113,-58301,-50385,23561,-18401,18674,-15296,-8604,55273,-39954,
-14582,-64103,-30102,-61353,-35093,-62991,34108,-17579,-2270,57561,
24707,-63903,22737,14188,-21520,757,-11598,-3828,48120,-1448,
9786,48773,52866,-15861,-36253,-23198,24325,24654,50884,-28271,
35964,61793,15688,44650,37213,2692,-57554,-42603,-42623,52403,
-59984,-45898,-42911,-49757,25536,-17307,-58798,46981,56901,-1046,
-62020,-41617,-54979,10165,-56136,31275,6360,43588,-9448,-40420,
50076,58852,56127,7839,-44822,-61190,48549,56614,54881,-10364,
-11780,24898,43854,-5655,47724,-42633,20193,-16750,62429,-5850,
-23871,64714,-7825,-38002,-26673,-34552,-4437,20999,59130,-33536,
-2939,-251,1480,-52640,29605,60300,-36885,44229,34642,-14453,
-58646,60853,-8379,55021,-25461,12952,-6714,47316,1456,12984,
52961,-27582,28243,-25700,-58341,38113,-37810,-13853,25105,40232,
57755,-64728,28244,33775,15705,63663,-2225,37957,27750,52607,
-23511,4137,-17300,19519,-58467,47874,-43904,-1611,-38414,-7593,
-38408,-27589,45514,-62306,27446,-63820,-36331,33529,27983,-18945,
-15509,20742,-47896,48130,50008,60875,55391,-57858,29306,58332,
-59507,-9053,49685,40744,38869,37053,39076,46730,-2179,49176,
40468,32918,42176,54619,14370,-60331,-33925,7917,44607,-1772,
-31864,32824,-27984,-46578,1906,-31569,26147,-14919,57176,18156,
-48083,61551,-48412,6195,11755,62810,60229,50549,-26752,-5782,
-32791,-42862,-9224,-58272,63929,-11636,19489,-44586,-18979,5030,
-22106,2411,-38796,-23982,946,-45558,61458,43154,-50957,-55517,
17328,-27605,9629,28246,-1962,-56455,-18267,-62763,-35498,17887,
-36340,-30689,-60324,21894,-17441,-33031,-24001,-38248,34461,41449,
-57065,61931,12179,-11265,6165,-47488,5774,-59995,-5974,-29115,
60835,-46003,52728,-46371,-5753,-16102,56165,19017,57145,30780,
-38907,-31558,-60520,-41037,-44790,-51790,-27101,-16583,-64387,28585,
-17746,57682,19715,-40628,-32501,-7713,29596,9397,33086,-27657,
-47155,-38411,-61081,35002,19608,-53789,3571,7317,-62416,11801,
10892,-38142,14706,61086,-46117,56429,25472,-207,35038,-14407,
32552,30243,7857,-52296,-62778,-26047,42200,38071,-8575,-60405,
5763,13569,-21789,50134,53879,-53729,16333,-62532,-56061,1947,
-1465,16705,11970,15118,32240,58643,-29692,-27862,38982,-36953,
22001,-39674,-3047,62400,39013,-36408,-62644,-57466,-59730,-52478,
-61684,59142,-4677,23608,33802,49201,-5474,11717,-6657,24368,
50785,43088,14417,-39806,-16071,-16246,55884,7671,17446,-13368,
47787,59818,-20116,-20035,-62432,37897,59520,-9513,-60567,-5061,
64585,-60964,-54215,-41114,30498,-18097,-48883,25289,38586,7798,
-16439,52711,26603,39204,28227,-34730,-39109,-45702,38837,45872,
-51102,-45457,-41126,-32168,-19780,-17013,-36554,51576,6054,-17974,
-64366,11298,-31261,-37340,50918,-63719,-7064,64480,32980,-34937,
-5095,-64176,-16747,-50184,-20817,39454,-29763,27875,-1781,-61564,
38418,43325,58650,44442,34778,-39067,60867,33544,27725,4046,
-26772,21765,32110,-44215,-42404,64944,4161,-57117,64234,-42737,
50722,22080,-56753,-8331,22477,10512,59839,17832,53485,-51542,
-44420,29016,18810,-54299,3039,2359,2681,33884,-21588,-11926,
26500,-34016,-17428,-52344,-30201,-24218,61519,-26345,-47206,-34672,
-1139,-61044,39475,-3775,60262,-20508,17920,54723,48670,-61954,
17136,44656,61309,-1348,64432,38277,38074,16100,-57052,18044,
43121,40677,15636,-25145,24268,-4585,53360,52537,49624,-22638,
12042,-59900,11218,47321,25619,-24548,-63380,32026,26084,22181,
-6299,22727,52923,-11329,50022,-24093,48605,7222,-21595,-48407,
-42780,-63058,-18361,5807,-14812,1549,-47076,18676,57481,51934,
43162,-63302,-6518,-44101,62203,19783,-16427,11831,-7707,-50275,
-56571,32403,30824,47014,-18689,23479,27997,61491,25034,-2970,
-8061,44645,-17419,24939,13385,51966,-63282,32644,11191,55976,
-57951,53626,-42009,-57426,39910,-18375,57799,-32920,-22310,36093,
4000,-55748,15359,3964,43781,-32750,40506,15566,-10902,63687,
63341,-2920,40542,13306,-12945,16539,3610,-15210,4193,-63830,
-5147,-10976,-36817,-52035,-49132,-32432,34481,31149,-26742,18776,
-23934,41810,-45859,-21018,10907,-28838,44382,-47811,-30731,-39963,
-299,48369,-55354,8937,-27190,22382,-42132,7461,15339,24649,
-46306,-37047,12661,58025,38864,10320,64986,42265,64579,39368,
30691,3783,-22546,15478,-13894,-64920,46636,-28353,106,-10753,
52452,-3879,8567,40101,13399,6369,7388,35241,-60938,49154,
-24614,53683,-61510,-21476,19463,-14293,51593,-38219,-45806,-30511,
53300,-2525,28388,-54253,-12501,-58243,-1425,30430,20007,8364,
63264,39291,-22947,-20179,-15990,-30694,-28288,34503,-19808,-4252,
7749,-44121,-22799,38734,-7970,51227,-60620,61724,-49040,-6624,
-33844,-59523,-45132,-14764,-50395,-6157,50504,-58762,-42827,29858,
42985,-26187,-41734,43869,-21813,-8163,35784,-39065,4792,39996,
17054,-17774,-49011,47484,-27144,30477,403,-14797,40045,49524,
54830,-50182,-2415,37231,-35501,-5197,31234,27350,-37263,49223,
10782,39055,-39753,37051,32703,-62258,-63044,-43644,47546,11992,
33512,-59406,4096,9324,-3429,-25798,-16104,-10851,40176,57042,
-2578,10739,-25240,37382,-34795,-32389,-3714,6484,-30979,44946,
-10569,-305,-6408,24900,13438,60234,59121,-7727,-36767,12211,
27754,8479,28662,2072,-7836,-40083,32138,-6294,59141,-11480,
-59009,61914,-27390,27700,-32254,58830,-29886,18528,-36748,2211,
-3356,8475,-9630,-58252,26261,-64753,-64993,-40233,25877,-40930,
-54581,-26450,52314,-1444,-26904,-20052,-15778,9905,-17039,-55292,
-176,56569,81,52869,29147,50095,34666,8865,-19897,-48423,
-41662,27105,-43223,-8223,-53007,-1077,-36093,-43358,3503,9398,
-58607,2729,-41065,25340,22358,-43558,63391,-14630,-55878,-9616,
59009,64594,-39101,-1360,51561,1422,29138,-601,62008,-23363,
-48352,-31152,50353,49354,64012,-50082,56301,-52099,-64409,-6690,
48056,-45380,26055,10475,-49092,-29286,-11285,-62822,-37927,22301,
57584,-6138,-10950,-63573,-28309,34996,54294,55593,-58940,61289,
-58042,55161,35947,9918,-61983,-49987,-63679,-22157,-49100,38386,
-38329,-5066,-29002,39210,11637,-18840,54179,-18073,40313,-27854,
-42963,44979,26160,-54648,27559,23211,31210,-46081,-22642,-48715,
-11735,29117,-26688,-42755,-15146,-63509,-1354,-40265,46948,-40087,
-59711,-58257,26577,15828,-52768,-19611,-63481,-28679,-34960,7727,
-26920,12459,7756,-54980,-3527,-41254,48901,6894,14847,53779,
-33756,57423,-34058,-61269,1343,-45177,20135,13394,-22779,29565,
16596,10,-19740,6078,38831,45697,13865,-13931,40897,-60409,
26732,17712,44629,-34896,32946,34107,15850,-45912,51871,-51397,
-50323,-59660,58812,-17617,-23938,29884,33090,16845,-24316,11504,
17742,44776,-19575,17010,-30564,-31818,42324,-34852,-14499,-50119,
-2152,-30215,-33602,60684,-40116,55310,38204,29536,30048,19808,
-15487,37597,-14355,-38976,37496,30594,-49635,55849,-25527,59144,
19468,46611,62611,30183,-54586,33106,37850,28581,-63434,-32649,
-34029,-62221,-43649,43805,19565,5973,-26475,3617,-44470,-7180,
13565,-37911,-5369,-45140,-48355,-30890,6185,20441,36279,-18554,
-28577,-40306,-62755,-11934,-57308,-56979,64043,-7080,10833,-63349,
1753,-47657,23517,36704,29838,35839,-30182,50131,42340,44614,
9657,63520,-57416,-27268,-44852,17456,34206,64417,44253,-23508,
38489,58,-63446,-47782,6866,-14625,17622,17995,21052,53060,
33364,61216,-30645,-1051,20208,-16056,36975,-59728,-713,30986,
-29686,22737,-36809,-45116,60207,28034,-54944,-26635,42790,39540,
50385,2596,38147,33904,-15151,-977,49686,-22749,-60451,-1092,
254,-14481,15810,-934,10909,22185,-3304,-55116,-51987,-32553,
59645,-40587,5546,-61444,-9871,-47951,34321,40711,31546,-40828,
58749,54659,44407,-54163,-36154,-6627,-40966,-57582,5442,-46909,
5524,-30389,37564,51453,-28407,6265,15471,54331,42139,55016,
19260,51530,11957,-32390,-39655,12137,-42973,6054,51607,-6375,
63231,8720,-51329,5132,26326,-21525,16499,41292,-9536,62144,
-30188,3680,-46112,25878,-16430,63526,10847,64916,41873,58523,
-61875,12941,46813,23387,29827,32802,29776,36943,12009,-45787,
34435,43493,-38208,35259,37976,4234,-49571,-62412,-60518,-38801,
-23834,40364,-16025,36970,-52736,-21100,-29193,15751,36857,-4422,
-408,2743,30235,34230,-28636,-26667,63358,24687,26664,-41137,
37741,18361,-64287,27382,8093,61382,49275,51177,-11917,-5234,
36061,-7078,-43920,14073,-15585,-28389,1079,2774,51675,-59755,
-34160,41730,-33545,40829,-40427,-2347,11277,-59742,25363,63900,
58606,8932,32816,60784,61978,-49121,57860,35466,-33823,-43190,
-49376,-37640,-57885,54695,48729,21533,2867,-4587,12854,31777,
32092,-55380,14840,-43064,63489,-36650,46018,-2490,46342,15209,
46838,61801,20714,8131,-17203,-4261,-8995,-51860,-1935,9649,
-8325,6168,7520,-53446,-8261,14972,-18824,-59808,59287,-56941,
-27688,-37857,52979,62156,36700,-12758,-8272,4440,-59239,16114,
24114,-42746,16499,24898,49186,49820,51002,57458,27053,-28593,
-5434,29535,-21314,63204,31892,-14819,61818,6562,-31904,-26680,
-22944,61566,-27491,-24357,8251,56282,13636,42494,62188,55882,
-15649,8007,47404,62234,-28718,35067,-48010,41785,-16334,-56781,
-1777,50731,17667,11531,-64787,-62735,59313,-59196,-64504,11268,
18685,-29918,57307,-31032,-40151,-11889,56898,-46710,11129,-16415,
30654,-63048,-23328,-62934,10675,33570,41921,40853,2411,11338,
30420,-13325,38390,60442,6845,47300,31791,52238,-49742,-55722,
-22600,-45245,-35073,56796,-4142,34138,-20879,-54536,-42990,28326,
8332,-53630,14183,-63871,-7392,11418,-33277,-19243,28906,-53195,
-53937,34132,-40460,-46055,-43306,17070,-43463,4154,-45496,-8141,
-57428,-46710,29907,-16287,10907,47316,-18156,54672,-2561,30525,
47004,-7618,27922,-57231,32945,33147,-21663,-63367,58435,25560,
36605,-926,36965,32217,-55143,18530,-18509,44453,-33876,23198,
-16131,63812,-49017,24384,13513,50156,-18171,-21093,5525,-18161,
28698,-64280,-42833,21811,28086,988,-24267,-18379,19505,49635,
24058,-38217,-23743,13244,-22521,-57647,-63795,42701,6938,24449,
59153,45728,-15918,-27470,-8407,62136,-64217,2453,23096,34295,
-6783,-3020,57978,52239,-19367,64322,40485,41274,-53469,-63120,
6441,-13594,-51614,1427,-32393,-13088,-12476,11753,-14906,49112,
58286,43693,-30095,-42472,-18620,-61362,-8978,33672,17643,13258,
-41481,44185,-32961,-16338,27703,-31531,-35624,-1880,-51442,26059,
61818,-54228,35516,-63508,50526,56479,33693,9964,40710,37370,
-101,33131,-53631,-38698,2731,57039,2449,-12861,-22439,16457,
-51995,-31975,-64582,15779,45730,-17407,53940,-57205,-2512,44234,
24371,-40663,35799,-34197,-16151,-33442,21405,-9610,-25722,4397,
62981,-32214,1885,-63283,35180,-43305,-40026,-51414,43382,61044,
37676,52716,-53585,-60360,62138,20030,12602,-49660,44483,26820,
59455,-46229,-47455,-12486,-59747,59463,33635,-13443,64972,-37263,
-17712,-56163,16692,11587,42712,41699,-25542,19991,10311,-954,
-39693,-45597,27778,16294,45144,-39026,-42905,6838,33065,-51389,
-51536,-20027,15659,-6612,1137,57176,56249,-3885,26642,-16549,
-32641,46470,42811,27535,36260,-7781,11129,10815,-59202,-32867,
49247,44799,1997,63967,-29582,-50571,39353,30948,-35563,-12978,
13340,18281,33990,20434,-45374,-42313,62225,21754,-58946,31497,
50340,-38577,-27693,16627,-62460,-7118,33658,-34088,14494,4689,
-35643,19765,59770,-12650,34955,-48218,-51908,56605,-28819,38762,
-25389,22141,54504,-5758,-27068,-49745,-32487,29189,57954,-9574,
-27212,-7713,-29645,34639,41497,-12220,-40657,46542,-59804,-60754,
-29225,-25059,19360,-55740,-17462,9185,14755,-26358,-24183,-22521,
25628,-4255,-2221,5756,51628,31428,59005,-33321,37305,34345,
-35588,29628,34953,35420,52054,-36294,19269,-59555,47352,64842,
-28060,-3533,-56728,4616,758,-13492,62632,29514,-14731,18502,
-20618,50541,-35666,44828,52358,-62424,-38002,-18069,-41683,5626,
38337,36490,-62276,-46494,21005,38080,50308,11616,26725,-11638,
-41504,-39070,2196,30980,38544,-29625,15305,30488,35345,-51686,
-37416,53997,45004,3307,10190,-46995,-16767,58886,28737,-1358,
40652,61378,64122,10214,-49663,-30667,-59195,36281,-27607,143,
28522,57347,-58348,2765,-13883,36054,-32495,-44613,-42412,-39174,
23824,-15163,48182,3505,40581,-46013,-34120,-5651,35563,-50556,
-59088,34553,-37820,-42410,-11321,29317,15179,-63097,20403,-24707,
2176,58681,-54774,-13865,-48657,38166,21165,-61315,-39775,19081,
-64312,-51409,49704,1449,38858,-6925,-37802,-3343,-19795,-61989,
46586,31161,-24878,64078,44623,54147,-5764,33120,-15742,36891,
29504,-51549,-57223,-10063,9936,17142,31871,20091,-37095,7042,
-2906,-18386,40222,-16011,-50669,15672,-50322,-48773,12782,24155,
-7927,-6145,-6839,61193,-26433,-54708,47977,-38890,-1613,54101,
-343,-61023,-38010,25770,-25701,-61840,61555,43686,-59088,-49347,
-19176,-7471,13961,46049,53297,-59978,12895,56291,-36227,-62655,
-56417,-1581,37752,-4081,31952,-24529,-42929,3040,-29645,-21036,
20737,9054,-43151,-35156,-17976,-30936,-36780,-15903,24757,46279,
-24817,27637,-20215,20265,60014,-60792,20175,-54934,30772,-44187,
40148,-45639,-4150,26108,-54719,44891,21404,38257,33516,14639,
-53766,-51722,14729,-54180,-35125,-22635,54168,-2169,-55189,29185,
33134,-25982,35733,53766,15871,41665,48442,-24384,-42847,-50920,
63461,56849,8872,59151,9526,62908,-23880,26920,-6725,33838,
-5043,-52809,33937,-38867,-63840,23480,23405,27632,-37010,-30833,
36645,4168,1147,1981,29775,64190,-6779,-36855,-59224,-2634,
-29934,24866,13888,-15337,9949,-44560,-13324,-34777,22001,-45167,
-11440,53594,-36830,8939,42556,-27827,7061,-62711,41650,-42804,
48352,-47649,-8681,-6858,-2437,27364,-59598,-58850,-30017,-32473,
33494,55952,28602,27319,48131,-15031,-51464,-3323,-24292,-15353,
31327,-33035,-32165,-4913,-34516,-45544,11164,-10106,-8740,-45656,
-18944,5165,-33438,13280,-5193,58595,62888,-12421,58041,-20938,
58363,41116,37948,-36650,-61477,-56198,-64140,24742,34641,9274,
1638,11891,9905,-59420,-58912,548,-51409,33547,34204,-1831,
36944,34093,20362,27285,37993,-25262,28926,6346,314,62183,
54548,7439,49542,-23340,-37914,-26230,29925,1300,-5480,19318,
32998,27846,17934,-39581,-6241,51713,-44721,53293,-51638,57961,
9630,-15795,-24323,33876,56547,-63621,-12192,61589,23731,14847,
57127,-38271,24265,-28453,11788,60395,-33568,-40550,19909,-31202,
3414,46839,-5929,53026,50257,-3403,1309,-48613,-9530,57174,
62153,55212,-29586,5098,-38050,38296,-20930,-17164,6290,33708,
-4205,-50018,27988,12820,-9294,-63365,-50819,-56607,33707,27411,
25934,17865,-26624,1724,-14301,22142,-27624,-23351,-62233,-5162,
-42284,-54592,12968,37505,24893,-42734,-9372,43080,-18425,-44902,
22364,21111,-58315,-25561,9036,-35075,35502,6794,-59292,34046,
-35961,17542,61125,-52857,-31807,9281,56840,46851,-36027,-51315,
-62143,52247,-40913,17853,46521,15085,-57779,12981,-40093,18988,
-53133,-58917,-42694,-764,-8067,47892,899,29683,26824,42739,
-21126,-54212,11446,-5466,-32460,60919,-59981,-55831,63013,2057,
-1330,-22906,-30135,-4689,-15635,-23879,44017,39716,-52537,-50880,
41211,22447,-21989,8329,49316,-38559,51714,9480,43142,-41926,
4474,11508,60585,26268,-30403,7479,14370,54930,-13200,-28356,
63253,-63765,-56157,-26307,55518,24294,45275,-53290,50083,-43622,
-44683,-39246,-62136,-29507,-45042,30048,-53238,5378,-21350,37469,
61308,61902,-51075,59754,56062,-22823,33069,-4773,46504,-33063,
51495,-34501,11456,48884,-37750,62045,-29985,50133,-45582,-33273,
-9325,52876,-48870,20922,2139,1927,46832,11213,-19905,-21878,
-48220,13138,-13522,-32360,-58199,6710,30615,-33372,40688,17711,
50076,24294,38548,47187,-43078,-25302,-54776,-13107,32363,47275,
2371,31001,56623,-49576,-56217,44845,-28009,1313,-46591,37343,
47068,19771,58948,59760,29740,-7125,35385,-29248,12890,55021,
-24589,-12570,36199,-50804,-22217,-53409,30121,19685,-63695,-40892,
-52955,37914,-16660,-17946,-10570,20253,-60104,-20644,-38102,58019,
-38581,-33032,55981,1976,3488,38061,22391,23527,-6611,-6785,
-5950,24926,-51912,14813,-62561,-1030,44502,-7095,-23332,-24675,
-54142,-26819,6626,-42261,56010,-3160,-39521,42112,-14094,-34881,
13995,13198,30768,24231,-10878,4751,-25499,8876,39570,-32616,
64979,5033,39476,57096,49516,-30226,-60079,-64316,7164,-29870,
-16254,-18316,-11773,-51494,-32179,53196,-15477,21161,-48041,15491,
-55434,-18191,14349,-57188,-12023,-9655,30578,-42186,38858,50164,
-51471,-53769,46085,14516,-61175,51628,-57422,42570,10602,-38634,
-31499,45871,-35516,-19401,-36361,18360,-25367,7653,-62000,-421,
-56215,27642,-43120,-58025,-63720,15986,6673,43678,-25248,45954,
-49308,-29651,-20570,19284,-45670,53709,-60227,-60535,-23898,29395,
32318,-62157,-47027,64991,-50886,-63720,47977,-33385,52743,676,
35773,-5672,13497,6153,49400,-48699,-46622,-58372,-57307,-8332,
-17086,-29687,30459,51920,25998,61170,6444,31854,17324,61276,
31828,39025,-52045,4885,-3656,-27475,63532,18666,58315,-25174,
29300,-6443,-45200,-4918,-24702,-62790,21820,33356,34862,-47827,
-7249,-53379,-35498,58920,-16845,-2709,-33950,-12968,-40116,32103,
55208,10388,34411,-10990,13359,152,16206,-10778,-22378,-46247,
9158,-55668,-9303,-62699,-55088,63665,57442,-62474,18087,-35881,
25905,-9705,-19892,56800,22632,-60858,-21499,52158,-16183,20736,
-36504,53244,-35772,34369,61041,-58771,10378,-18568,-6225,-10955,
44675,-53449,905,40835,-14127,-15189,45853,43400,52888,39462,
32625,-2108,-33357,19552,-59360,-57493,-14862,53187,20440,-12008,
8500,63917,21885,8362,12930,31060,-45417,-58783,37426,276,
52976,-23325,18543,-3068,-21128,-15488,-38682,-41953,34262,36799,
64363,40255,35239,-28927,61781,18446,63085,-56376,55761,8091,
-61976,-40454,-48011,-39664,27760,-64672,-27986,-53295,34123,-32712,
-45187,-8723,48823,-12026,46447,-35094,-61394,-9201,32843,-1152,
-50345,27557,55742,48680,43234,-24276,6597,-4914,41094,50137,
-1660,43427,-47247,-49866,-55985,-31819,45458,-40560,-18414,-24323,
-38048,29151,-21018,23631,-8351,-34447,-13901,53808,-59159,56238,
35056,-37169,-12428,48091,-1278,55540,42352,-11189,53366,31018,
-7183,63071,60455,7061,-61050,-34954,-58236,-31760,-32009,55311,
-54342,428,-32628,61129,35793,56047,-36204,21648,-56017,40065,
-42668,-48984,36049,4590,14054,15343,31884,-10348,26012,14307,
-34471,27860,-48305,53350,7844,-31404,63865,-34446,-62530,34830,
-51375,6377,-24536,26291,-63045,62086,-10129,51297,8261,38397,
63371,-465,40017,-58644,-2530,49516,33571,63262,41564,-6343,
-52716,36532,5724,-24831,-2730,16297,-26120,62206,-58686,29947,
34706,-13616,63843,20600,-35561,-29818,-33342,27285,-60870,53056,
37641,-18341,-40349,12365,-9633,31382,-4613,-38878,-9206,-3731,
63517,-44811,36953,-23095,-8030,-44895,-40032,-58820,1999,48037,
-13,-17525,28150,-50879,51005,457,-28315,62032,25376,-15839,
17470,-11750,17149,15446,16786,-43716,42694,-40063,35764,-22948,
-63781,-29880,31707,37502,43744,27934,14213,-43280,9839,-11033,
-60434,-25810,44881,11855,-4588,-13514,-61907,9883,5060,10250,
-40064,39761,-40491,30551,-41912,-3466,9506,59849,47291,-20630,
58705,12962,16118,9325,55698,-64206,-5477,36020,45251,-33474,
24578,-62903,2028,-13155,-22479,15135,62521,51236,-9057,39681,
16722,-21129,-2032,-48322,-19161,43653,-58220,-55750,6610,674,
62434,4630,-9422,15442,47123,-38537,-26000,-61808,5256,-54426,
64064,-10637,33044,-28785,20117,32181,10847,44596,9126,13667,
35144,-17891,-24946,-48030,-41941,42604,24557,8979,-54380,-11613,
-62356,24413,-29914,-43077,9683,52656,-51280,-42585,31850,37870,
-12318,28132,-14503,-27035,-32787,-2999,39130,64984,-40211,32976,
20549,6159,54059,35353,20861,56625,-42177,-61647,14988,-20993,
-30925,-26709,58489,18012,8475,-5242,36227,16975,46111,-15103,
-8702,-57565,-47506,-59244,-40192,-4854,17962,-51403,48516,-40362,
14582,499,15164,50759,-15781,3328,-11671,14005,60679,15753,
-6410,60714,-6120,-46543,10444,41937,10891,856,-10787,58970,
25680,-64186,-5553,4726,26024,-47673,2253,55834,21522,51436,
44232,269,-59996,8711,-51573,63671,-58785,-29766,-49409,61374,
10367,-42498,-30606,32080,-22000,-38258,40844,-64926,23177,-18849,
9071,25335,-60557,-32869,-6701,-8979,-16601,-21828,51598,-47055,
54939,-64603,-4977,-14449,-55365,-43495,31382,63035,22882,36952,
-17679,-47599,54727,-24282,28704,64482,-22370,-297,-49984,11052,
63986,43306,-12377,-63413,42137,-41261,45261,-31706,15234,-15749,
24899,36528,-50993,46972,-46406,8630,-53210,27752,-51366,-19705,
-2497,-57985,45934,54348,45285,32783,-31164,-55847,-1491,60861,
35368,-63287,38276,-18574,-53904,10407,-25082,42892,-5635,45361,
-40507,2845,-56217,-40853,-45425,26716,-15343,39166,-16878,290,
41559,30367,4431,-59293,7110,63708,51451,42929,-46180,3809,
29160,17756,-31175,17718,4856,-28459,-18691,-50624,-18908,63320,
442,36423,-9489,-35429,-51184,-29673,52651,-41560,63952,-22663,
-8897,24778,-1997,-33954,45511,19779,-10382,-28072,-45822,24555,
-57517,-54725,59211,20296,-29766,29730,-62953,46961,-48224,6315,
53563,18294,22897,56676,-1322,-40048,-14150,60585,-30771,-63898,
-39278,64532,-16386,-40152,38410,64155,45391,52630,60486,35206,
-32560,-42282,-32052,-27537,-26458,-45944,-28219,3405,29172,-15130,
41731,3451,59465,15462,-54008,39998,-23239,5878,44494,40251,
-35669,48249,-28379,45272,64123,26288,-41900,26855,-36606,-8314,
-56750,669,50391,-17965,63301,-59222,20501,-53535,-26682,61911,
58361,-26938,31473,24908,58875,-51764,7558,-11305,-12166,-9700,
53140,2624,37615,29999,-29510,28773,58548,48285,8949,40175,
57912,-187,18325,21764,-52111,-12040,56649,-9616,-17630,-21366,
17994,8494,-4094,25458,14612,59560,13785,39879,9556,50131,
16673,-5141,59570,38965,-46835,17458,-16772,25575,-23045,49274,
-63995,1498,52007,-52500,1712,-46496,-62155,56594,34712,-41854,
13058,37293,-12755,-17682,-36250,33007,-376,83,63463,-60495,
54271,51726,-23835,16655,-49660,13282,5950,21770,24421,-63158,
19776,-44101,50748,-46792,-6988,-15069,52201,44750,10944,33143,
-6908,4143,-1586,-4765,41220,5546,39685,-55964,25528,-54073,
27191,-45542,9001,-58016,-12497,-4291,-5225,34743,6838,34771,
7272,3753,41414,-13135,-47218,-9986,-32250,22632,25095,-44787,
-45970,-33524,13926,-61986,12216,-45398,-19742,-50004,-52003,56836,
-35449,-41572,58279,-63453,-42122,40699,54355,58699,-63466,-60039,
31041,-47708,-36534,45198,23751,-25576,34464,10543,31531,-47803,
52649,16552,38867,48298,24429,33621,17659,-23920,-57441,-40610,
-20551,-63154,40391,-16451,-32948,44004,-24722,40693,49103,-25487,
-26513,-17046,29172,-52148,-52614,-58219,-11632,-11088,18768,-17297,
31620,-1390,53900,-30603,49523,60737,44232,31406,49806,-21122,
-339,7768,52112,10127,38274,-50960,14194,-18953,17160,-7787,
-54795,-38648,19264,50691,-56655,-53416,40003,-56030,-4427,-29222,
44387,-23418,-13167,20766,-20182,27759,20825,-52459,-42726,5511,
-10476,55820,-48570,-6604,27783,-17134,50591,-40016,6066,-47519,
-56254,-2181,27857,61040,61020,30781,53979,-27819,7136,29169,
-22048,-61486,64378,-41919,33212,-23076,19045,-52063,-46381,48452,
-46675,-57239,32632,6504,-51951,-29087,35041,-38476,20428,48464,
-46140,-21800,-25359,-18246,32677,2499,-42162,29707,-48927,30580,
34063,-32436,49921,-12394,36773,35609,-62524,-48728,247,-28428,
38440,-39826,27253,-2804,27807,-17575,13930,38573,-41331,28350,
31281,-12329,24134,-59292,-45308,56208,-6373,42494,-49062,-61840,
18605,-17534,34633,-4649,-41713,-26622,-46123,-44302,-60520,-6257,
37335,-54031,-3098,-21029,-1387,8210,58988,34327,-42227,-44771,
-6292,-26608,-60290,59512,32645,60499,-44167,-431,50897,37676,
-50576,-47538,-39822,32192,-3363,49718,64589,-2687,12833,1655,
18968,36762,-42941,13941,12839,35718,5066,-38948,35271,-22617,
45651,63028,23942,24086,33881,-64961,-52941,-34059,32245,20283,
-10181,-44229,59248,-23833,-56249,41231,-24386,-748,37793,12173,
-43486,40258,56848,39644,-31151,23236,10895,16859,40705,-7598,
-38530,-13970,38118,-33339,-35802,-61148,165,25048,52144,47784,
-54073,53132,-41479,3093,-25759,-57725,13575,-32322,8502,-1546,
-9302,45244,-13722,-57992,-9686,50045,-48605,-40596,-18880,-33883,
55606,44414,-53810,-8615,41152,43459,-54433,56147,-156,19527,
7711,35105,51884,1535,35168,-34604,-25896,-45286,44489,-19308,
-47750,27225,31101,-41242,-25301,48753,-43179,3612,-17187,58433,
-33377,-47085,-52304,-11557,22204,10533,21860,-54581,16957,-30766,
25100,34532,26949,12917,-40650,-62021,-34293,-2439,27599,20831,
59022,57422,-3645,7144,-34049,29875,56795,735,-37837,62211,
58536,31332,33295,-62489,62055,-26246,-40871,41838,-26519,-59816,
-62325,-8526,-21154,-40675,-38413,52319,-7416,-34608,58947,20791,
47158,46062,44426,-49463,55132,48706,63960,-12258,-50988,49654,
38244,16112,-13981,58198,-52181,21475,-25456,-61070,-60265,-60866,
-18618,16177,-12123,-24684,-16807,-14956,44535,-9930,63330,53676,
36014,24547,56443,64487,-10727,-44486,-45488,-2950,-43677,-31635,
-20841,40840,58263,-51675,38341,-34121,-33948,-22157,22240,-49031,
43743,34792,-57024,60491,-60257,-48875,3192,22551,43464,-38451,
-42136,43771,-10467,36218,54974,-23855,25048,13143,60482,17575,
-4201,39037,-6980,5033,3357,-12368,13274,8718,13882,-29224,
-43160,14625,49573,19537,-29730,23178,-11201,21848,-48059,-18638,
-11940,16104,-28695,53242,-7464,-24183,5606,48022,-11065,43291,
14810,14447,9649,21370,-38240,24785,-26514,17922,-39383,19237,
43695,23154,-26580,43563,-10963,33077,2482,-29526,57514,-866,
16606,-47055,49652,-45910,63439,36768,-33790,15362,40122,-3933,
-22859,-45859,-63887,-59977,-37588,-64796,-5026,62945,-24895,-19266,
-23030,64090,29850,36494,25397,-28747,-36126,-17275,-18884,21472,
-7201,21499,2648,-49314,9635,-305,25089,33189,58697,-19991,
-48004,-4819,34933,-56176,-41305,-4423,746,-13080,53625,-57214,
37405,-63110,-36823,27982,53185,13110,51584,37260,18456,-316,
9434,36597,-37448,25006,31023,9768,13876,18692,7519,-52231,
60750,52330,7973,36464,-34912,54894,13270,-8388,49501,-58700,
-56411,59133,51418,7835,-52576,56695,-61419,-24347,-26232,15110,
-26546,6694,62557,52759,-13339,45434,-22979,-53532,16736,4743,
33071,-27281,-23612,-51797,1170,-4442,44110,-31772,18548,5720,
37948,54992,-21475,59521,-64869,2436,-405,-15974,35664,-18100,
-10403,53679,16679,-28608,-61890,25103,45131,-33322,36430,-21016,
32431,18309,-19924,-20279,19524,60079,50991,25074,44993,-15304,
-59108,27648,33986,-59838,-37009,-5104,-23819,-34104,16830,139,
30931,-50181,57543,-45294,-50114,-6139,-7282,4660,-33916,-13960,
-26083,59009,-11454,58516,-14644,-18258,-16759,47010,-54238,10615,
55558,9816,58949,-43222,-19982,11780,27917,55903,47844,-19500,
-50698,-40714,60433,9823,26539,29908,16206,61002,56310,-47663,
-38700,-19322,-1761,42465,-30322,-33401,19586,-28232,21591,29585,
41046,18459,37631,-63270,43436,-52108,1347,8737,42560,35103,
-42922,-38253,-52535,-44598,-37773,-52569,21205,23294,-63919,-16541,
-35894,23340,-54828,-14155,26835,-51858,-58220,17129,45238,-26596,
17122,27316,24418,4277,64618,-4693,55005,-11447,51069,12490,
-36318,7395,-11397,-36234,23615,-7576,54326,62924,-48651,-404,
35154,56654,-54619,-60058,-32113,-62107,-13240,-17194,-61358,-25221,
-30874,-32531,-16689,-15952,-7622,14048,55489,-56994,-26179,-55149,
12322,-4028,-27676,-21262,-25826,-19999,-61246,24429,-45463,63449,
-48661,14886,18636,-25748,64733,-57277,55389,-14562,-24176,42228,
-346,-50429,6944,-5191,13286,-5518,8579,57190,-9482,-48684,
-150,-42500,-53202,-6709,-9894,-21878,-17743,60620,-56905,54358,
47829,-2540,-33623,50136,-33207,21325,-43621,-23891,-63309,-15046,
-2582,-25816,50750,34081,-18405,-53806,-41019,58299,58324,-29266,
-39058,11535,-4453,-59251,21996,-24701,19446,-1676,-64152,-36923,
40753,30432,11637,56466,-45519,-63715,36054,-64656,-2518,58286,
40852,-13224,64978,-19158,-20229,-64979,30563,42986,27388,-19600,
-508,9428,43127,8701,-28821,-32453,31016,-24528,47753,-31280,
52269,-26412,-62073,21644,-54024,55177,-60199,-63692,-39189,50009,
43023,58342,10496,20116,-2454,46736,-49076,-34204,-30633,38317,
60322,-49032,-39350,27143,14122,-26721,-54212,46650,31568,33558,
-9485,-38971,54221,-33384,-2332,61135,-51496,11462,-40557,-29491,
-39382,46697,-56951,58619,32872,-35684,-57455,26643,-13909,20498,
4430,6262,-11732,-1854,2268,-21334,31414,-13032,-16744,33903,
-58053,25512,63913,-5070,55480,-16819,-56411,-9672,-4785,24195,
17908,-11351,12543,45677,48650,50445,-64103,51300,-1116,-28515,
-43125,53330,18925,-38999,44139,-30953,16658,41709,-60833,42999,
38939,47186,-58280,18720,48175,62378,-19392,-9817,21231,-30955,
2046,64415,50997,4718,-25591,-15018,-31652,-27256,12194,31413,
48891,-63491,44455,-25133,31721,-46060,20678,1347,-61568,-1154,
-54239,-37221,64005,50765,15462,-10797,13923,-22259,-64967,51335,
-51389,20756,-9890,41959,-62282,64500,-4753,10007,-16980,3950,
23793,1271,41,33159,-42015,-8415,-38734,37322,47378,-56009,
-20620,-18022,-20995,-1801,8541,-35801,-34746,39415,-2491,-57236,
-22051,46844,-43907,42208,-59951,-17696,-56865,29553,-7005,-64653,
3572,-54156,-62442,-3494,-37671,-53875,32455,-56014,-12242,-39719,
7641,-4540,39012,-32342,-10040,50947,-33027,-25383,-11921,20243,
31573,-16320,-796,7825,23272,34064,-39350,1122,29484,61458,
28859,-57858,50010,-54456,20274,21833,18170,40511,-47091,-60706,
52287,-28708,36749,22328,-61995,-32450,-52974,-50505,5563,-2191,
-50564,53571,-7948,-39250,49604,-46035,53075,-9315,46526,-57387,
9038,63960,-3273,43675,-10656,4652,19053,46056,17516,-49072,
-49958,-35307,11126,17678,53360,19187,-13520,53014,23839,-3394,
-22690,30973,61306,38464,-35796,-13122,2608,-49632,59049,-53312,
7630,21777,15734,-25548,-1550,64424,-61930,-64107,58219,43768,
7202,21161,25929,34817,-54016,23165,-52259,50498,-25652,-12137,
-43377,41429,-11809,-7644,39456,-53580,-61740,-29457,23405,27139,
44328,37439,61659,5340,-19712,-14474,31961,39488,34918,49259,
30309,-29749,26759,-60436,48098,40901,-919,-27470,56067,-27973,
35723,18695,53657,29262,35320,-39293,-16066,-58735,-53159,16112,
44918,50718,1296,39308,-8913,-42259,56811,8415,-10770,7908,
57154,-4200,-24895,32436,10726,36742,56234,42987,16971,10928,
21220,-37483,-12285,-60710,-48598,-31866,-31131,51621,-55311,21480,
-17896,-23005,-471,-62408,33017,-15698,-46537,29919,9901,-869,
-63601,-55267,-23696,23160,-26411,37948,-13976,-59117,40535,-25485,
37403,-23767,-45137,-64080,28368,45562,-63172,21260,-24820,-18561,
-60472,51844,55319,21219,18718,-24302,6879,10109,8555,-49281,
-25865,-56530,37110,-19699,56244,37969,43120,37901,-2730,-56876,
-43278,21367,-3239,-55098,6874,-6542,48138,39704,-48855,17751,
209,16501,-60831,1291,-6894,62690,-36264,-51741,-6830,-10316,
-52618,-18679,-45515,8877,632,-40430,31836,12752,7730,-34915,
14305,26986,-48775,16578,17858,-25943,-24834,1081,60875,42150,
45984,42707,39732,7266,-34630,-13358,-58270,19604,-49423,36516,
26078,55248,-16029,15253,46712,-21622,-55084,-5515,55855,17626,
60634,-56501,-54675,-63429,57429,63749,-54914,11424,36612,38236,
-6412,-36733,-47659,-35546,-3941,60640,-44765,-6277,6211,-60200,
-59960,-12185,62557,-34253,-64606,47761,-4745,-45624,11509,35666,
62041,-35919,50228,20100,-27813,55938,18116,-58084,16886,-53282,
-26259,-55628,-28774,-17035,55957,63661,-57160,11116,-14733,34700,
-34767,-50622,-29395,64161,32515,-31605,61987,-56431,12814,4177,
-8084,-2512,-15511,4035,28979,-28541,-29871,16987,10239,57241,
50072,-19856,44833,-20159,-37966,19319,-26192,44255,27084,-21435,
-21336,-8327,53659,55663,-43104,59919,54428,-3945,22093,54710,
16589,47065,17280,-40991,52758,11673,44595,22050,-55555,27245,
-16558,28963,-19838,-61798,15258,-14795,52811,23474,3413,29985,
22713,57518,42424,54378,-39269,-43251,34191,-17935,-31382,-29837,
-44729,32671,-64897,-64598,64374,34561,10210,-10886,-11493,46953,
57755,3500,-50623,19267,11736,5003,-56625,-19057,-44660,11409,
-16637,-8719,40793,45653,14349,12637,29824,31440,-38550,6256,
-60288,55473,-62306,21308,54265,34330,-45618,13883,62821,-25562,
-12615,-12903,-8617,23059,27413,24440,18203,-50956,-23248,25593,
-39788,-5891,21872,29408,20194,32384,-26239,21909,34567,-16279,
-25702,8853,3774,-51339,57661,-36471,-10482,-5157,11248,22749,
2914,2370,-31406,-27163,-3792,58373,-41800,-42365,3863,40758,
-23332,-46231,-13350,39955,-33794,21632,-48986,-56242,19492,38002,
-28193,22949,-48656,56924,60281,27551,-29909,29144,7705,-30943,
10172,45814,39837,-4614,8692,44283,8401,56496,-42123,62530,
-63473,-16824,13893,15915,-31482,22913,614,54153,-59896,-29823,
17345,46176,-39150,-6068,44708,-27850,21296,25635,12958,-16017,
11396,51561,-15370,-46904,-35940,-8707,16049,-36292,-51252,-48112,
-24518,-57612,40670,50607,38534,-64386,-27925,-31042,-18099,64257,
41205,-44634,-40192,-54978,51816,3342,63740,-23802,36951,33030,
-9398,-16959,-14538,53617,-3751,-55371,-33183,8372,54905,49049,
31360,-36806,51457,57204,63150,-56335,2907,-33306,-55526,3759,
-25131,-46236,-43166,-5111,7534,-54340,40163,-25857,-58838,14841,
30513,-17220,-24675,15009,20880,-28758,5868,47397,32890,41299,
-19649,36768,-57162,-29471,34322,-37495,-46207,45088,18382,-23873,
-26766,6452,37035,33051,56039,-44757,-22651,-56002,-26094,-51450,
14521,-21230,4258,34087,13819,-57999,52805,2220,51882,-53764,
-2050,-51748,-43471,30847,-48805,-20342,-11830,54062,-5453,3434,
43198,51758,62673,-2103,42226,-25549,-35410,40138,-7196,-62522,
54864,57838,9068,-7890,31694,-4647,-41125,-27711,36804,-657,
55722,42233,45167,-57727,-29913,10536,-59442,16738,58152,-58530,
-28189,31551,-44123,20779,-2808,-12610,-62245,36763,-64048,-27728,
1202,30676,-41485,-38773,38587,7367,52724,63409,59348,39512,
-33668,45461,22144,12628,44747,-13230,29100,-47577,-59286,-21556,
35607,-41163,42147,29720,47174,20761,47275,43713,-50991,-43152,
9450,36593,34983,62682,-64225,47186,56169,-3882,26890,58609,
62834,-17687,-32927,11567,54103,-16330,-26917,-92,47451,60435,
11830,-22770,-32975,-17022,15313,37448,36821,-13372,933,-15308,
-46067,-8707,43642,-59890,48145,46250,-59308,10428,43220,-27719,
-21687,-61812,-1573,-24129,53862,-21757,-43308,-64940,8855,-26118,
-25601,-34305,24947,32236,15476,-5511,-53042,55739,10286,48594,
-6205,-46565,31317,59310,-50787,52712,31230,50367,33478,15995,
-3998,61014,57764,-16034,51985,-11943,-37002,-27598,-10475,46286,
58207,51124,-4544,41377,63171,-45660,-63379,48562,49510,-38839,
7873,51568,36393,24196,-16146,45576,28779,-60923,-25317,1703,
-29194,64872,-44096,-59944,3648,-32483,53436,18726,-19429,37198,
31016,7528,27850,-47250,-55828,46814,52867,57074,-54285,-20956,
42967,-61709,19125,56740,52604,-49929,-19586,62631,33479,-16538,
56639,35015,-28360,-3106,-40954,-986,-39252,-18099,-29758,25698,
38110,46689,37873,-48858,-11201,-54778,53620,-16604,40799,25034,
-21246,60896,18536,40493,-33898,3846,43232,-39875,19087,32653,
8583,34290,17763,7822,-32961,-64962,-22112,55965,7536,45909,
23874,-34611,48583,-15517,11595,44921,42979,6355,56081,-50813,
56060,-45967,-21979,-18964,38832,-54476,-57330,55447,10281,46389,
58150,37644,6950,-21786,-49809,-3437,-2645,-64864,39908,35673,
40595,64932,-50328,10297,-9324,13879,-23476,36782,-34854,47170,
-17320,42545,-60475,-35662,-8413,-62193,-3017,-47938,-30247,-53561,
55266,-53386,-43465,13543,47912,52340,-11640,-55181,-49596,-20325,
-59981,-2259,-20156,25147,-36811,40672,-3052,-21862,16898,-11660,
36373,-4549,-34613,10331,449,-20366,-46675,56426,39651,40309,
-4881,37028,-5627,-49275,-51844,-24642,26269,-24743,-58097,-63363,
-23948,-57117,-62530,-42080,5631,48371,2077,-11167,63308,6412,
3088,57606,-10044,-47022,-7595,27072,2902,-33557,-54602,3996,
-6616,-14749,59986,-20592,-41367,44831,-44532,-49367,7533,-56000,
48204,-35951,-57551,-38058,39566,45382,-59884,32623,50809,-57795,
61474,-56518,31427,32333,36316,18553,55540,-22312,-10021,-53000,
3227,3780,-17945,-49792,-31118,-46784,58739,-7107,41224,-49025,
13257,45430,-6469,-64234,12536,-25487,-47920,-64936,-28933,-11723,
33398,-22739,35758,1806,-3825,-55342,-17508,-53672,6960,17521,
-33604,-33724,57801,-61247,-25136,-14990,-23655,-982,62229,-44167,
-7930,-49769,54557,-21200,-40,26257,-38206,26286,64550,-54138,
-55002,25395,32836,27687,61645,52213,-49404,16231,9499,-61161,
26033,-9966,41711,58990,-43543,-30299,60070,34837,-44829,-61656,
-51725,-20931,9233,-10925,4855,-9826,61356,52665,21084,-55406,
-32783,-19443,58895,-3165,63926,-46872,10459,35740,1307,57634,
13603,56348,468,30333,-35120,22018,-44605,595,-78,11778,
-63776,-14839,61711,55831,-39578,-39189,-12790,-4352,62152,-5406,
-53226,44510,-37390,12980,-28549,-17338,-549,-22910,-42572,18788,
-58632,39240,-15480,-40257,1700,23317,-1551,-54279,-49835,51617,
-12559,47247,37728,-29603,-47837,41559,53068,-49571,21834,-9761,
5050,-62633,-45631,-42240,56651,2162,50974,-48916,-29357,38476,
-35437,20367,-37823,-37701,-45682,-41741,-6490,41686,49983,-22028,
-58693,3750,-14321,62497,12603,51208,-20677,-63487,51653,28532,
-911,44912,-46936,-40706,-1804,29786,-32763,40899,33746,25005,
14464,-22949,-32681,4848,-2501,-2884,27125,8088,-33948,-61446,
24646,61108,-60758,9276,12331,-9835,-3906,27428,-57169,42626,
-15321,9956,6475,-38236,32205,9142,-36754,-9963,49441,37365,
-8276,-53321,-10428,32516,32598,-13583,41346,33519,39586,-22983,
60909,-40103,35994,-15217,19578,14731,45631,-1371,28595,58858,
28388,-60396,-58500,-59776,53811,41445,13211,-6912,27994,-39875,
18207,58802,-59844,42466,-5165,37333,-54076,-62712,-50189,-53575,
-19574,-1239,-5966,41796,-33685,7845,-62349,-36360,-54539,-31904,
27252,57747,-7917,62545,4415,-20582,-30790,-9420,-45365,52959,
-44051,7843,-13795,46512,-29848,53412,-64191,34424,-36628,23525,
44979,-59278,-6557,46945,-35899,15972,-28646,3647,-13059,-20327,
-62030,-27489,32127,-44968,3416,13068,-63949,-8028,-19906,25766,
43226,5400,25703,-33414,47162,-13656,-39689,-40473,60740,18952,
28526,20509,14277,-51844,31341,25130,33838,20291,-55386,-50459,
-52734,11653,59350,39138,24291,-21166,-37225,-62539,30710,61277,
19209,58160,32245,14543,35952,-46136,24066,45056,6276,44175,
31592,-33647,45149,-18551,-40566,23498,-3461,-23319,-29976,21682,
-2595,54796,23756,-20627,-25043,-63679,-15596,-40975,-44277,28397,
-9510,-4235,26322,33180,5577,13861,-58619,-59300,-38855,-39010,
49004,4059,-35357,4512,-15159,9082,51619,-16340,26649,-43031,
-17073,52566,40688,-57387,52010,1194,16842,-16590,18696,4636,
32897,25550,-54848,57736,-25212,-43678,-58751,-42588,-60654,31379,
45639,-29866,9600,8581,-8942,-26897,-59752,-12519,-48684,44063,
12768,-27554,8726,-54331,-54459,-57280,31287,64357,53874,8231,
-7583,-30098,-55608,-51800,44939,12625,11109,43661,-57997,48480,
-1793,5988,19763,43519,-28156,-12310,-6944,28651,-19744,11809,
-61585,-18904,-8764,9250,50165,18941,-15716,-62892,21982,9050,
15274,-37550,-59632,-33072,-42272,-26324,12152,-32804,64214,13567,
61088,22015,-64918,-9706,-53724,28429,23443,-31923,45433,25494,
-61264,-62393,-9898,46516,58280,-50222,42505,-47300,-24332,-24888,
34504,-34818,-12227,-25343,44640,32276,45410,-32844,-29089,54381,
58442,21718,31515,-19011,7833,30652,-4654,-5172,44641,2092,
-62991,-31049,3590,-55202,-209,-1133,30438,42043,-46768,40629,
-33982,-49312,-28385,44168,63368,27320,52799,-25544,16773,-20658,
44712,-62444,7916,-20285,-6158,53654,-57080,-8978,-21968,-57702,
42763,8194,12096,44790,9549,59744,11664,-52024,-6511,-12696,
58141,-51233,15819,-16696,-25038,-39474,32025,-5682,34393,-34159,
12360,-23191,42814,-24858,17527,-49621,33740,-48062,52272,-62023,
-59632,25838,39465,-46259,-33459,53394,634,54379,37890,23779,
-27579,16536,35861,14173,-13594,-31441,6160,51153,-30925,37516,
-12339,-42871,-30243,25417,12484,-21821,-28523,57859,-27274,-47632,
34932,9909,53215,-44774,-18391,-2102,-60307,51675,44827,57249,
1071,17613,-41221,64726,-26006,27653,15741,63165,8112,-36946,
-39982,59321,-38977,-61919,-35295,-38757,-10944,-46563,-55161,38119,
3554,48383,-32304,24190,-35073,43267,-58905,-56795,-9014,27727,
-162,-48936,41175,-28983,-21522,54619,63707,-57862,-63529,32855,
64608,-8129,62602,-56475,-5073,62626,43799,63143,-37968,415,
26174,27573,35413,-43850,-38968,42043,29065,-50491,25219,-41735,
-12360,64404,-26262,20608,14104,22691,-11954,54199,27508,-18207,
28265,-56246,63083,39839,-21413,-61470,10113,3523,-24792,-54907,
-50795,-47187,22792,-30881,-8332,-31610,63559,42107,320,59909,
41627,7170,8931,29587,33858,-14786,29380,-60483,54549,-55912,
-61023,-40508,-56660,-13515,-38999,327,-4531,33730,26359,-21517,
-15220,41659,9291,-60535,63946,61851,31382,-16264,41088,-8640,
-33345,-58668,-60113,-51401,-64093,-45718,14523,24441,55455,-25285,
27854,14484,-55155,-61933,-15968,53533,11111,53423,33249,-59217,
39106,-35942,-39941,-16375,-30586,-59595,-17849,9564,-21919,16940,
-62731,-64075,282,41236,-21762,56308,-52314,-13056,-40301,-24154,
-19507,-20327,-48451,-19402,17006,35730,-23472,-54082,47606,47532,
14760,-59249,11874,-25616,53856,-51864,-53014,-46656,52132,-60613,
50636,56517,44427,-13526,-26693,8753,39451,-22657,-38469,-52526,
58539,3539,-30582,49778,-1284,-30555,54028,8484,-2044,39670,
4762,-2006,49851,-29528,-23376,-28325,1891,-17526,-53845,33212,
-24717,58946,24841,53367,44663,59077,-38478,17600,-9947,-28375,
-63715,11087,46751,38853,-26182,33504,33089,-6220,21807,-38498,
-57878,59878,8027,-4082,36630,31058,-42881,-33906,59233,8076,
25005,-7017,8778,-12331,-11713,42729,9199,-20985,39562,-64473,
-36327,62204,46378,48169,-40643,-23586,884,-47333,32148,7126,
-53133,-32639,33208,12262,61381,-56102,-32791,-11981,-19195,4040,
51683,-16038,-19818,-38277,58586,2170,38749,-51541,18485,-18013,
5642,52587,14509,31433,58380,-12955,-29475,-62712,-34426,9186,
28450,46074,-19821,-17748,-32343,27717,-1581,56425,57767,9416,
29300,-48241,-48278,-15585,-54091,15204,-34468,51397,-49819,-11155,
7134,25128,60517,3351,11492,11397,-38133,31946,19252,26580,
34802,-974,31254,23152,5407,-50043,-1690,-57688,-16952,-497,
-56325,51255,52093,25740,22755,-54513,-26618,-6613,-11023,2101,
-35747,-42829,59970,-7393,-976,17266,59367,-6112,45370,53145,
-43525,31808,-9928,-32062,28245,54025,-39165,-52360,-48675,-20338,
-42033,-33037,-21648,-56437,-63696,-59408,22286,-53864,11162,27295,
62723,18031,-12882,-44671,53682,-963,295,40443,27094,38795,
-64865,-25810,-39977,11171,-64570,27167,-12500,-45000,29652,52836,
